i	L	Mu	Nu	Re	Im
1	0	1	1	1.000	0.000
2	4	1	1	0.565	0.000
3	4	1	2	0.711	0.000
4	4	1	3	-0.460	0.000
5	6	1	1	1.955	0.000
6	6	1	2	-2.048	0.000
7	6	1	3	1.161	0.000
8	6	1	4	-0.042	0.000
9	8	1	1	-0.526	0.000
10	8	1	2	0.503	0.000
11	8	1	3	-0.635	0.000
12	8	1	4	-0.693	0.000
13	8	1	5	-2.299	0.000
14	9	1	2	1.193	0.000
15	9	1	3	-0.493	0.000
16	9	1	4	-2.102	0.000
17	9	1	5	-0.086	0.000
18	10	1	1	0.016	0.000
19	10	1	2	-1.123	0.000
20	10	1	3	-0.296	0.000
21	10	1	4	0.850	0.000
22	10	1	5	1.367	0.000
23	10	1	6	0.875	0.000
24	12	1	1	-1.046	0.000
25	12	1	2	0.139	0.000
26	12	1	3	0.107	0.000
27	12	1	4	-0.370	0.000
28	12	1	5	0.083	0.000
29	12	1	6	2.841	0.000
30	12	1	7	0.504	0.000
31	12	2	1	1.756	0.000
32	12	2	2	-0.113	0.000
33	12	2	3	0.748	0.000
34	12	2	4	-0.072	0.000
35	12	2	5	1.056	0.000
36	12	2	6	-2.758	0.000
37	12	2	7	0.053	0.000
38	13	1	2	-1.273	0.000
39	13	1	3	-0.887	0.000
40	13	1	4	0.195	0.000
41	13	1	5	-1.015	0.000
42	13	1	6	-0.036	0.000
43	13	1	7	-0.907	0.000
44	14	1	1	-0.709	0.000
45	14	1	2	0.348	0.000
46	14	1	3	-0.424	0.000
47	14	1	4	-1.402	0.000
48	14	1	5	0.104	0.000
49	14	1	6	-0.019	0.000
50	14	1	7	-0.890	0.000
51	14	1	8	-0.814	0.000
52	15	1	2	0.611	0.000
53	15	1	3	0.174	0.000
54	15	1	4	0.177	0.000
55	15	1	5	0.715	0.000
56	15	1	6	-0.349	0.000
57	15	1	7	0.750	0.000
58	15	1	8	0.463	0.000
59	16	1	1	0.062	0.000
60	16	1	2	-0.681	0.000
61	16	1	3	-0.888	0.000
62	16	1	4	-0.277	0.000
63	16	1	5	0.213	0.000
64	16	1	6	1.445	0.000
65	16	1	7	0.186	0.000
66	16	1	8	-0.490	0.000
67	16	1	9	0.442	0.000
68	16	2	1	0.713	0.000
69	16	2	2	-0.556	0.000
70	16	2	3	0.273	0.000
71	16	2	4	0.242	0.000
72	16	2	5	-0.090	0.000
73	16	2	6	0.350	0.000
74	16	2	7	-0.518	0.000
75	16	2	8	-0.424	0.000
76	16	2	9	-0.771	0.000
77	17	1	2	-0.239	0.000
78	17	1	3	0.005	0.000
79	17	1	4	-0.208	0.000
80	17	1	5	-0.298	0.000
81	17	1	6	0.090	0.000
82	17	1	7	-0.258	0.000
83	17	1	8	0.563	0.000
84	17	1	9	0.045	0.000
85	18	1	1	-0.119	0.000
86	18	1	2	0.160	0.000
87	18	1	3	0.039	0.000
88	18	1	4	0.726	0.000
89	18	1	5	0.024	0.000
90	18	1	6	0.361	0.000
91	18	1	7	-0.136	0.000
92	18	1	8	-0.061	0.000
93	18	1	9	-1.211	0.000
94	18	1	10	0.152	0.000
95	18	2	1	0.204	0.000
96	18	2	2	0.171	0.000
97	18	2	3	0.794	0.000
98	18	2	4	0.531	0.000
99	18	2	5	0.856	0.000
100	18	2	6	-0.712	0.000
101	18	2	7	0.261	0.000
102	18	2	8	-0.300	0.000
103	18	2	9	0.083	0.000
104	18	2	10	-0.638	0.000
105	19	1	2	-0.461	0.000
106	19	1	3	-0.584	0.000
107	19	1	4	-0.926	0.000
108	19	1	5	-0.351	0.000
109	19	1	6	-0.015	0.000
110	19	1	7	-0.679	0.000
111	19	1	8	0.149	0.000
112	19	1	9	-0.524	0.000
113	19	1	10	1.190	0.000
114	20	1	1	-0.008	0.000
115	20	1	2	0.356	0.000
116	20	1	3	0.057	0.000
117	20	1	4	-0.290	0.000
118	20	1	5	-0.359	0.000
119	20	1	6	0.274	0.000
120	20	1	7	0.166	0.000
121	20	1	8	-0.262	0.000
122	20	1	9	-0.262	0.000
123	20	1	10	-0.808	0.000
124	20	1	11	-0.133	0.000
125	20	2	1	-0.196	0.000
126	20	2	2	0.171	0.000
127	20	2	3	-0.108	0.000
128	20	2	4	-0.335	0.000
129	20	2	5	-0.081	0.000
130	20	2	6	-0.109	0.000
131	20	2	7	0.513	0.000
132	20	2	8	0.523	0.000
133	20	2	9	-0.135	0.000
134	20	2	10	-0.154	0.000
135	20	2	11	1.696	0.000
136	21	1	2	-0.109	0.000
137	21	1	3	-0.013	0.000
138	21	1	4	0.051	0.000
139	21	1	5	0.294	0.000
140	21	1	6	0.280	0.000
141	21	1	7	-0.259	0.000
142	21	1	8	0.066	0.000
143	21	1	9	0.058	0.000
144	21	1	10	0.245	0.000
145	21	1	11	-0.253	0.000
146	21	2	2	0.071	0.000
147	21	2	3	-0.003	0.000
148	21	2	4	-0.039	0.000
149	21	2	5	-0.024	0.000
150	21	2	6	-0.118	0.000
151	21	2	7	-0.036	0.000
152	21	2	8	0.375	0.000
153	21	2	9	1.080	0.000
154	21	2	10	0.410	0.000
155	21	2	11	0.127	0.000
156	22	1	1	0.149	0.000
157	22	1	2	0.075	0.000
158	22	1	3	-0.294	0.000
159	22	1	4	0.032	0.000
160	22	1	5	-0.071	0.000
161	22	1	6	-0.206	0.000
162	22	1	7	0.073	0.000
163	22	1	8	0.323	0.000
164	22	1	9	0.403	0.000
165	22	1	10	0.029	0.000
166	22	1	11	0.730	0.000
167	22	1	12	0.000	0.000
168	22	2	1	0.154	0.000
169	22	2	2	-0.236	0.000
170	22	2	3	0.298	0.000
171	22	2	4	-0.478	0.000
172	22	2	5	-0.287	0.000
173	22	2	6	0.144	0.000
174	22	2	7	0.174	0.000
175	22	2	8	-0.033	0.000
176	22	2	9	-0.008	0.000
177	22	2	10	-0.813	0.000
178	22	2	11	0.247	0.000
179	22	2	12	0.671	0.000
